100 15
0.839050 0.976335
0.676948 0.562309
0.133805 0.998281
0.663671 0.378019
0.421868 0.261351
0.469556 0.844738
0.445140 0.153696
0.720100 0.597820
0.469740 0.977305
0.207829 0.086649
0.166718 0.357829
0.706337 0.773967
0.517369 0.079219
0.286057 0.170202
0.787063 0.604276
0.829425 0.281365
0.004632 0.426327
0.802093 0.635758
0.052169 0.515001
0.757784 0.572583
0.786749 0.555063
0.890979 0.884492
0.608994 0.409565
0.320146 0.637592
0.147088 0.324895
0.609628 0.646308
0.870027 0.072451
0.558623 0.193979
0.570415 0.120589
0.091010 0.954919
0.022033 0.373634
0.217954 0.252868
0.365515 0.334323
0.230695 0.933652
0.394759 0.827685
0.624450 0.430768
0.568416 0.562930
0.530826 0.940282
0.707194 0.322945
0.979406 0.591147
0.892392 0.189189
0.252514 0.621413
0.314722 0.851002
0.260283 0.884299
0.328874 0.758773
0.192936 0.117520
0.645791 0.423269
0.004273 0.964539
0.719526 0.332081
0.028798 0.187306
0.276158 0.872306
0.478156 0.561470
0.123675 0.226817
0.924845 0.359331
0.163654 0.745940
0.668649 0.169442
0.976269 0.715124
0.862090 0.238513
0.041517 0.695326
0.870342 0.276067
0.075527 0.131022
0.931081 0.708793
0.818664 0.740997
0.428440 0.294863
0.932847 0.343461
0.649141 0.028426
0.386799 0.642718
0.353388 0.634930
0.815122 0.626825
0.249754 0.020712
0.080497 0.249643
0.579209 0.857494
0.183405 0.617191
0.683434 0.235001
0.442886 0.873436
0.237787 0.596058
0.192970 0.026144
0.492828 0.738242
0.916962 0.708283
0.802294 0.256284
0.211655 0.276110
0.588609 0.023360
0.659525 0.858400
0.837765 0.507628
0.010985 0.987756
0.464447 0.659728
0.768212 0.684583
0.293890 0.049682
0.553807 0.599162
0.556712 0.065811
0.146925 0.785003
0.309786 0.898754
0.314719 0.886359
0.971270 0.947198
0.226016 0.376000
0.655128 0.000988
0.719381 0.260312
0.565798 0.300428
0.693820 0.579575
0.756916 0.917038
0.502963 0.448354
0.820848 0.787630
0.188840 0.008749
0.329171 0.553497
0.445433 0.965751
0.131738 0.282113
0.418801 0.764794
0.288476 0.269103
0.873629 0.067847
0.509306 0.092217
0.157356 0.216977
0.401416 0.081967
0.090145 0.175728
0.027934 0.234142
0.182864 0.163230
0.115196 0.747905
0.540482 0.248354
0.280270 0.842208
0.647058 0.443191
0.554643 0.927411
0.827566 0.703978
0.317453 0.729836
0.089140 0.027788
0.274736 0.561027
0.858681 0.560881
0.912066 0.127456
0.579063 0.278297
0.290591 0.281407
0.385454 0.018989
0.648096 0.477628
0.560714 0.547398
0.848926 0.392092
0.477394 0.575675
0.113597 0.213844
0.003148 0.865183
0.858737 0.510647
0.038302 0.485503
0.504282 0.056968
0.286825 0.865887
0.103004 0.290271
0.162922 0.567078
0.797996 0.787280
0.656824 0.851071
0.816050 0.492676
0.640152 0.702958
0.566104 0.335553
0.770049 0.425554
0.623031 0.641841
0.684398 0.834301
0.484079 0.487193
0.122703 0.001241
0.662821 0.733477
0.669641 0.868241
0.793101 0.916557
0.293661 0.791888
0.694246 0.450808
0.900953 0.424765
0.877278 0.901931
0.706905 0.249782
0.915764 0.850383
0.038328 0.805327
0.655457 0.712415
0.890200 0.192374
0.964097 0.102881
0.960290 0.857765
0.444719 0.382561
0.991766 0.018953
0.405244 0.709617
0.290292 0.290263
0.642066 0.747073
0.345757 0.243606
0.673463 0.210005
0.872106 0.003140
0.596731 0.143319
0.681354 0.657076
0.605278 0.470066
0.893501 0.480015
0.772018 0.686581
0.230458 0.916858
0.863811 0.083391
0.736039 0.459706
0.097633 0.832741
0.432743 0.255018
0.385283 0.000905
0.663912 0.366419
0.921681 0.491759
0.143282 0.767514
0.967781 0.743185
0.030378 0.576756
0.149674 0.318147
0.837746 0.514511
0.875217 0.751558
0.764994 0.709633
0.451290 0.919645
0.320858 0.234971
0.051492 0.855721
0.792067 0.986326
0.011096 0.547132
0.154551 0.728463
0.851270 0.951056
0.467339 0.553510
0.782992 0.248434
0.570672 0.687592
0.467536 0.978628
0.203198 0.226821
0.131814 0.476959
0.863353 0.980192
0.397131 0.751607
0.661634 0.123156
0.039915 0.188124
0.924482 0.680389
0.180377 0.927513
0.951412 0.473708
0.589546 0.141653
0.792576 0.016445
0.862601 0.801323
0.772863 0.018272
0.129442 0.521853
0.066321 0.878021
0.982018 0.469803
0.007117 0.021756
0.998055 0.533331
0.195176 0.051866
0.765317 0.192275
0.488553 0.064668
0.638348 0.832917
0.082393 0.022707
0.286252 0.512378
0.868522 0.134001
0.475338 0.615656
0.756737 0.235001
0.384701 0.748053
0.182489 0.672908
0.295701 0.227588
0.910866 0.719194
0.576905 0.523884
0.173239 0.606848
0.096464 0.194488
0.357301 0.362662
0.862592 0.726591
0.331080 0.026067
0.402776 0.355473
0.318211 0.097045
0.926105 0.649361
0.911952 0.433100
0.909267 0.967033
0.576006 0.388914
0.440584 0.504319
0.154217 0.294456
0.241193 0.312660
0.374397 0.011805
0.753512 0.000944
0.269155 0.949837
0.400314 0.844593
0.616913 0.501240
0.123935 0.870421
0.706804 0.134851
0.321177 0.464280
0.387992 0.508810
0.596370 0.283814
0.864470 0.352285
0.876470 0.758814
0.160126 0.282863
0.796073 0.492484
0.570627 0.375591
0.231030 0.051674
0.872652 0.942638
0.438924 0.913098
0.701409 0.452655
0.183414 0.773590
0.085202 0.206978
0.946687 0.572350
0.535454 0.206361
0.131447 0.700627
0.157361 0.220182
0.908202 0.535060
0.376273 0.076682
0.531237 0.098211
0.238949 0.672651
0.426566 0.755241
0.562715 0.726146
0.378349 0.357725
0.729788 0.959713
0.810970 0.620749
0.581258 0.217567
0.991442 0.097659
0.337367 0.439127
0.924060 0.420946
0.012855 0.269450
0.363210 0.797612
0.580897 0.323949
0.533720 0.992816
0.225946 0.005755
0.022394 0.659862
0.878093 0.071541
0.252259 0.720777
0.464635 0.072313
0.028535 0.828158
0.261991 0.225030
0.453238 0.847434
0.353986 0.130586
0.177384 0.072247
0.621934 0.058360
0.206512 0.179654
0.397945 0.786139
0.758411 0.441139
0.223219 0.753673
0.671221 0.019352
0.392718 0.838257
0.219832 0.710349
0.220349 0.897217
0.891733 0.541626
0.508558 0.728001
0.100112 0.629188
0.062785 0.650359
0.898240 0.932952
0.652404 0.420809
0.421924 0.259078
0.913725 0.896232
0.009425 0.212470
0.665908 0.612833
0.884504 0.410960
0.897404 0.033292
0.146185 0.449981
0.351573 0.967081
0.959739 0.739584
0.382779 0.619570
0.477984 0.086747
0.239522 0.807122
0.844577 0.401750
0.316947 0.287434
0.036364 0.257252
0.505023 0.045847
0.523948 0.992265
0.597536 0.448993
0.119595 0.525040
0.087388 0.243925
0.226062 0.832717
0.587607 0.070360
0.215923 0.934120
0.277716 0.528114
0.089619 0.561372
0.508485 0.341329
0.821401 0.783737
0.757808 0.629496
0.643277 0.626440
0.465795 0.778337
0.883029 0.207398
0.374475 0.551397
0.082556 0.863852
0.719575 0.103254
0.092498 0.266884
0.009667 0.171799
0.318162 0.516716
0.336179 0.440395
0.626045 0.503885
0.923724 0.494843
0.172981 0.394919
0.571574 0.078477
0.681258 0.872319
0.393288 0.982880
0.518197 0.788237
0.067263 0.686095
0.003622 0.790883
0.438898 0.245806
0.216250 0.000379
0.733080 0.755890
0.162615 0.280312
0.390228 0.558025
0.494268 0.842742
0.823189 0.332456
0.638568 0.253335
0.652700 0.861319
0.102998 0.063766
0.078742 0.551491
0.832596 0.304898
0.133644 0.125717
0.359224 0.054646
0.534215 0.045997
0.415532 0.756274
0.482697 0.035976
0.911271 0.579641
0.081922 0.932447
0.851067 0.445739
0.134646 0.778888
0.450095 0.267438
0.651648 0.603036
0.097815 0.750192
0.752574 0.937804
0.160832 0.414924
0.399703 0.017934
0.676335 0.377976
0.033625 0.990632
0.302822 0.278612
0.348763 0.691265
0.367628 0.620412
0.434181 0.476587
0.570863 0.601432
0.135892 0.038112
0.197256 0.262565
0.592777 0.210284
0.157441 0.138646
0.736442 0.472112
0.681164 0.482556
0.992396 0.318484
0.226927 0.618666
0.140222 0.539429
0.434158 0.223320
0.345760 0.138440
0.590297 0.363245
0.643792 0.109627
0.695303 0.305818
0.319130 0.453311
0.825775 0.794565
0.841453 0.905668
0.567642 0.275758
0.670491 0.889296
0.876641 0.294291
0.779707 0.336639
0.371039 0.297435
0.056790 0.874303
0.599761 0.406107
0.344999 0.961148
0.509049 0.778794
0.753493 0.678127
0.467803 0.295314
0.025645 0.995808
0.799741 0.717272
0.104752 0.291658
0.908502 0.995675
0.438784 0.844885
0.745437 0.793165
0.662786 0.812401
0.472176 0.462146
0.875828 0.635299
0.946507 0.109586
0.363005 0.815315
0.301134 0.389408
0.796453 0.850199
0.848976 0.987250
0.902492 0.037698
0.048243 0.713444
0.705258 0.958500
0.484624 0.141379
0.405825 0.400795
0.429636 0.488041
0.094079 0.459984
0.086343 0.795234
0.354973 0.087409
0.192931 0.893890
0.259967 0.412521
0.521609 0.520443
0.420864 0.718401
0.025869 0.861327
0.867730 0.769439
0.965223 0.693684
0.706482 0.234183
0.009754 0.153082
0.633170 0.251984
0.707626 0.865155
0.243009 0.514978
0.769146 0.807500
0.182365 0.225656
0.028981 0.187134
0.044544 0.166974
0.488649 0.432133
0.075731 0.474953
0.764647 0.794931
0.679479 0.686621
0.180021 0.878903
0.281576 0.319067
0.510641 0.120219
0.046478 0.562702
0.758620 0.511527
0.693674 0.653173
0.327897 0.897669
0.429296 0.942336
0.646896 0.820415
0.045596 0.971101
0.558581 0.315721
0.387897 0.512239
0.581020 0.167803
0.641939 0.253972
0.496832 0.399303
0.127700 0.550852
0.134879 0.053638
0.339822 0.508525
0.207756 0.458426
0.148050 0.643275
0.753168 0.126120
0.277692 0.885946
0.867969 0.887358
0.012740 0.642070
0.480148 0.309217
0.916410 0.873405
0.855240 0.256054
0.895190 0.365330
0.206678 0.469200
0.534146 0.298701
0.718012 0.193152
0.327551 0.664490
0.252502 0.097118
0.477686 0.411615
0.804937 0.728594
0.097961 0.867621
0.508153 0.117571
0.826482 0.474759
0.485073 0.214611
0.057520 0.969704
0.527510 0.321481
0.230440 0.046200
0.885042 0.489406
0.256665 0.503814
0.416468 0.303507
0.967458 0.251194
0.143769 0.275950
0.767846 0.773122
0.541850 0.272238
0.571651 0.129862
0.088211 0.515573
0.933915 0.226159
0.990659 0.803485
0.547120 0.041875
0.239812 0.682811
0.510243 0.469927
0.194543 0.035371
0.607222 0.927711
0.740887 0.592417
0.237323 0.457638
0.242752 0.027316
0.251886 0.088361
0.414581 0.112422
0.107381 0.310661
0.504671 0.270669
0.474502 0.347347
0.743526 0.426311
0.316486 0.355820
0.232494 0.960077
0.092934 0.270043
0.134849 0.863281
0.466805 0.522415
0.781314 0.970179
0.490555 0.417512
0.565968 0.953185
0.913420 0.535060
0.529941 0.992552
0.740790 0.724243
0.039874 0.067126
0.973972 0.341416
0.413417 0.478656
0.157952 0.901060
0.138418 0.974269
0.554877 0.553258
0.363758 0.393628
0.054385 0.314711
0.638170 0.388505
0.219912 0.353252
0.571972 0.080662
0.423148 0.105122
0.628608 0.735090
0.979426 0.774576
0.877163 0.252065
0.670768 0.237124
0.489013 0.333560
0.738770 0.620752
0.023336 0.221440
0.569964 0.210828
0.177565 0.096538
0.225916 0.587336
0.628023 0.790499
0.075244 0.913779
0.344348 0.486404
0.062402 0.160307
0.463529 0.650878
0.259660 0.900402
0.911259 0.894839
0.777429 0.559605
0.153726 0.158861
0.299922 0.165246
0.011878 0.704426
0.938899 0.683357
0.978242 0.888308
0.383980 0.742359
0.605545 0.126668
0.018818 0.445368
0.097644 0.971010
0.872670 0.590340
0.466083 0.614141
0.855047 0.478601
0.802535 0.395664
0.132846 0.337435
0.769688 0.946743
0.969317 0.764030
0.196056 0.634569
0.409864 0.230713
0.729407 0.749200
0.827552 0.847863
0.149271 0.179284
0.960664 0.461700
0.158328 0.136598
0.514660 0.517313
0.891049 0.717319
0.434388 0.772635
0.284713 0.838064
0.506505 0.417312
0.468030 0.195298
0.454963 0.957372
0.605942 0.620329
0.957668 0.508828
0.889843 0.843003
0.574833 0.924441
0.506078 0.013391
0.222774 0.075464
0.857014 0.100730
0.702800 0.770778
0.065286 0.211141
0.321008 0.185455
0.674649 0.815261
0.892686 0.239032
0.948856 0.635422
0.634234 0.400583
0.624371 0.508760
0.586232 0.202147
0.371852 0.775535
0.420461 0.704365
0.262774 0.698507
0.939691 0.446119
0.969931 0.976638
0.837241 0.877783
0.542476 0.526023
0.854508 0.478804
0.265312 0.612255
0.469902 0.614098
0.427194 0.552292
0.046507 0.313407
0.868883 0.843318
0.817330 0.832732
0.844637 0.205727
0.425462 0.546908
0.203531 0.524196
0.264675 0.702073
0.005173 0.475134
0.860671 0.606597
0.714773 0.730010
0.713319 0.389571
0.753530 0.876526
0.216333 0.190819
0.557940 0.731808
0.692622 0.703025
0.091724 0.399013
0.058438 0.518725
0.066885 0.834532
0.611675 0.110606
0.612322 0.302133
0.772928 0.789718
0.022468 0.444052
0.831670 0.930255
0.274873 0.127900
0.698395 0.547453
0.192235 0.008079
0.311693 0.575821
0.501969 0.998176
0.681039 0.311929
0.405043 0.835283
0.395957 0.155013
0.012567 0.686547
0.623434 0.798987
0.364162 0.701173
0.041758 0.235767
0.426103 0.880260
0.914686 0.366436
0.817554 0.879668
0.998862 0.922234
0.514030 0.354909
0.124704 0.849943
0.407972 0.250919
0.800294 0.615567
0.401387 0.566548
0.428749 0.559963
0.810361 0.839742
0.516991 0.820589
0.629557 0.567985
0.612809 0.771859
0.522980 0.978555
0.258168 0.842267
0.401212 0.290964
0.953519 0.161947
0.674494 0.295258
0.779672 0.603617
0.090627 0.532991
0.498621 0.664913
0.238896 0.104900
0.582418 0.012168
0.987053 0.406368
0.544556 0.265941
0.620313 0.489815
0.700160 0.053030
0.835504 0.309385
0.055147 0.809407
0.351558 0.209795
0.232641 0.261431
0.089648 0.680640
0.101156 0.783725
0.927433 0.557487
0.070728 0.446434
0.047394 0.892495
0.606409 0.749743
0.954449 0.466901
0.347971 0.775562
0.551783 0.636957
0.881251 0.498908
0.581523 0.831648
0.835031 0.056423
0.530323 0.983418
0.756779 0.162369
0.787118 0.423079
0.879909 0.151871
0.960128 0.344246
0.820542 0.366949
0.020199 0.586363
0.940161 0.817420
0.652806 0.109923
0.137365 0.232945
0.499831 0.087628
0.742153 0.616550
0.914312 0.504685
0.035072 0.402797
0.501274 0.051373
0.801247 0.870966
0.018196 0.229957
0.909503 0.986302
0.431789 0.475927
0.917352 0.303592
0.245828 0.595842
0.823597 0.234790
0.279652 0.395783
0.702784 0.746112
0.805448 0.233015
0.594148 0.551532
0.926698 0.768216
0.117877 0.481371
0.908627 0.354314
0.982990 0.382759
0.562284 0.058447
0.079245 0.377331
0.357596 0.785446
0.778640 0.646872
0.598800 0.885069
0.008277 0.649865
0.594309 0.926988
0.373462 0.620981
0.570728 0.552667
0.533388 0.662244
0.810034 0.769880
0.524995 0.668735
0.622490 0.288197
0.720655 0.698929
0.633354 0.284760
0.764239 0.705726
0.824862 0.747059
0.833877 0.375422
0.762614 0.944350
0.791795 0.097356
0.089917 0.422942
0.070782 0.531340
0.724584 0.996049
0.155897 0.925666
0.530737 0.796853
0.568598 0.714857
0.505689 0.248686
0.932162 0.304481
0.989441 0.200107
0.553341 0.925026
0.462341 0.847461
0.744659 0.659643
0.769123 0.592455
0.742737 0.704106
0.185940 0.489497
0.267504 0.007721
0.231099 0.443745
0.488077 0.751227
0.956497 0.503044
0.294878 0.948820
0.725183 0.791103
0.304864 0.653961
0.993187 0.853550
0.766080 0.602283
0.111995 0.180116
0.046916 0.244307
0.154057 0.754266
0.665139 0.612124
0.403987 0.738764
0.887808 0.116955
0.331751 0.925770
0.887971 0.578010
0.409373 0.466355
0.088857 0.592535
0.088809 0.035647
0.137124 0.444012
0.951419 0.851420
0.892445 0.545428
0.537166 0.178456
0.515859 0.851187
0.935080 0.880332
0.834360 0.418872
0.650019 0.377442
0.664086 0.340293
0.836258 0.153975
0.832853 0.714969
0.235188 0.099162
0.301136 0.682167
0.590210 0.481900
0.661775 0.652491
0.381275 0.704205
0.748080 0.429210
0.269811 0.465587
0.788783 0.591619
0.334104 0.001394
0.400719 0.018162
0.118027 0.067971
0.033499 0.988872
0.420772 0.011517
0.239078 0.743920
0.149378 0.226646
0.683081 0.273010
0.994140 0.037195
0.647690 0.761141
0.758620 0.010092
0.571006 0.109922
0.471427 0.956288
0.893372 0.596541
0.437163 0.640493
0.226140 0.941234
0.422586 0.193895
0.732669 0.523930
0.148538 0.478909
0.620055 0.314855
0.363272 0.604463
0.499529 0.601676
0.486508 0.894526
0.223519 0.455104
0.214632 0.155365
0.842392 0.232990
0.167825 0.697509
0.116506 0.390506
0.741170 0.337194
0.656504 0.808359
0.566988 0.966703
0.176051 0.738626
0.890168 0.160059
0.714296 0.054912
0.047537 0.409257
0.230799 0.541352
0.339288 0.192992
0.703572 0.892214
0.967118 0.889695
0.820163 0.416850
0.399785 0.816285
0.061286 0.243204
0.149629 0.586073
0.501727 0.958146
0.546336 0.064564
0.293797 0.745917
0.816604 0.419424
0.850861 0.218679
0.310666 0.576546
0.496666 0.944236
0.496060 0.101646
0.021083 0.741671
0.078041 0.805280
0.747928 0.915680
0.975887 0.573076
0.530962 0.835331
0.331073 0.412098
0.683931 0.378460
0.590079 0.313894
0.844438 0.371393
0.294741 0.058180
0.066643 0.927257
0.778861 0.096908
0.558457 0.117963
0.895200 0.758345
0.068652 0.143554
0.017728 0.190871
0.058179 0.361763
0.596092 0.715802
0.745521 0.877668
0.536365 0.509642
0.614133 0.378273
0.731542 0.457491
0.800906 0.733839
0.777098 0.440535
0.326370 0.747332
0.076803 0.814820
0.196416 0.441654
0.272720 0.011832
0.767850 0.043475
0.219487 0.426832
0.956225 0.550120
0.124076 0.228667
0.831689 0.243336
0.642997 0.424295
0.457817 0.197258
0.354276 0.921377
0.122911 0.220395
0.757777 0.801292
0.167639 0.873621
0.069253 0.541135
0.459307 0.331716
0.933606 0.241662
0.643256 0.629567
0.955807 0.124676
0.197821 0.435924
0.849154 0.528844
0.958278 0.897714
0.203099 0.611783
0.822863 0.176154
0.845084 0.668378
0.761499 0.287390
0.830761 0.170202
0.178403 0.013381
0.073336 0.281833
0.981017 0.280343
0.496723 0.423535
0.324668 0.258070
0.582076 0.916380
0.288894 0.639137
0.319170 0.951059
0.960456 0.308035
0.628360 0.588421
0.451683 0.126359
0.030924 0.294233
0.366786 0.522702
0.995387 0.170203
0.546654 0.431997
0.476593 0.232513
0.411833 0.527594
0.496872 0.263537
0.044462 0.565407
0.580298 0.080757
0.108313 0.942342
0.039678 0.100052
0.331581 0.985368
0.586139 0.949283
0.073748 0.787001
0.914743 0.315380
0.550528 0.957953
0.415462 0.857747
0.503462 0.083718
0.564759 0.522308
0.036622 0.921071
0.865654 0.857485
0.138298 0.246247
0.594105 0.067905
0.204199 0.473943
0.665110 0.594405
0.241690 0.356774
0.365803 0.528737
0.060902 0.720532
0.996430 0.432322
0.575528 0.765169
0.253114 0.795890
0.392143 0.623894
0.571334 0.028099
0.489786 0.930795
0.412711 0.171312
0.695892 0.456490
0.484417 0.352139
0.582963 0.206371
0.777730 0.905941
0.632037 0.478982
0.914563 0.950207
0.312201 0.565520
0.536818 0.788976
0.390276 0.126850
0.789886 0.791098
0.660275 0.030483
0.895481 0.495052
0.192163 0.760107
0.073971 0.943604
0.720168 0.276350
0.963927 0.638138
0.585622 0.697024
0.261926 0.344944
0.891668 0.582630
0.532277 0.655311
0.875948 0.088243
0.886881 0.932092
0.657981 0.685721
0.036758 0.616638
0.223910 0.719680
0.378721 0.705678
0.896444 0.753372
0.022277 0.729389
0.814988 0.552651
0.748083 0.274344
0.986857 0.725624
0.377747 0.857259
0.691356 0.697182
0.710256 0.249930
0.123407 0.003255
0.884625 0.479520
0.267633 0.628046
0.369243 0.722393
0.392261 0.497743
0.698714 0.151103
0.967874 0.982213
0.082688 0.875463
0.802864 0.168173
0.242551 0.301390
0.125449 0.722093
0.461935 0.047071
0.234163 0.922604
0.998441 0.250187
0.095853 0.108724
0.782704 0.752408
0.925713 0.646169
0.935236 0.283583
0.032495 0.719006
0.558398 0.713779
0.751306 0.522755
0.799280 0.278366
0.187975 0.252210
0.000647 0.415415
0.935051 0.671341
0.680437 0.794416
0.064380 0.627770
0.848156 0.325698
0.027431 0.315180
0.296220 0.401516
0.550587 0.124378
0.826789 0.678520
0.806148 0.804800
0.554043 0.288950
0.820637 0.398699
0.594322 0.193000
0.369126 0.152863
0.180306 0.122080
0.566110 0.832520
0.257029 0.963032
0.562250 0.955521
0.786473 0.564444
0.181717 0.321341
0.335317 0.206421
0.652751 0.789242
0.897190 0.017970
0.137111 0.262720
0.080944 0.036283
0.146382 0.325973
0.080663 0.952978
0.955847 0.179324
0.586910 0.418011
0.589953 0.519402
0.206695 0.098356
0.202807 0.552393
0.988125 0.411131
0.237290 0.059843
0.550148 0.279321
0.847765 0.789790
0.766735 0.669594
0.509499 0.205663
0.634530 0.230916
0.061954 0.468623
0.554864 0.763064
0.863651 0.460648
0.947154 0.299585
0.630909 0.141335
0.094127 0.550416
0.968072 0.880872
0.620272 0.047157
0.574081 0.576466
0.997842 0.529999
0.660171 0.829761
0.773439 0.237337
0.877548 0.986802
0.253673 0.568519
0.936328 0.129181
0.857681 0.784959
0.569859 0.347349
0.887442 0.819353
0.191935 0.188272
0.435925 0.739209
0.936253 0.075377
0.635579 0.038424
0.788087 0.403878
0.905450 0.784472
0.310758 0.343038
0.109794 0.407731
0.198756 0.858139
0.184855 0.708448
0.001992 0.638778
0.710813 0.713441
0.345786 0.658729
0.693775 0.769092
0.875611 0.710911
0.972798 0.166349
0.688666 0.330564
0.296570 0.257489
0.526407 0.916164
0.245718 0.880831
0.260314 0.411237
0.357274 0.786141
0.433735 0.606791
0.919507 0.710854
0.636727 0.210799
0.988790 0.116178
0.727235 0.677608
0.442747 0.642201
0.429134 0.149215
0.142077 0.698864
0.826372 0.064008
0.659134 0.261365
0.259720 0.060547
0.315357 0.882460
0.858024 0.638210
0.338936 0.298800
0.211784 0.089041
0.717326 0.926425
0.587195 0.484092
0.149339 0.085664
0.290174 0.922548
0.706847 0.361423
0.762855 0.163391
0.535464 0.894699
0.133664 0.515509
0.255964 0.554840
0.267652 0.427627
0.247742 0.792988
0.145627 0.340371
0.736973 0.644795
0.301131 0.931799
0.082124 0.567039
0.093976 0.290222
0.771326 0.760285
0.195942 0.188270
0.266861 0.043313
0.532743 0.366255
0.808917 0.275156
0.194480 0.261959
0.083034 0.601613
0.464814 0.167436
0.396850 0.610399
0.063165 0.855123
0.874551 0.921075
0.080366 0.780523
0.061275 0.398388
0.379745 0.160344
0.108527 0.570670
0.920603 0.549014
0.059420 0.993167
0.214372 0.245555
0.143163 0.248707
0.992885 0.523683
0.497792 0.856467
0.094714 0.612354
0.980446 0.661260
0.053921 0.347531
0.947708 0.068053
0.037660 0.769755
0.606406 0.617042
0.070312 0.278872
0.076201 0.979785
0.153210 0.272198
0.830300 0.965966
0.468185 0.851278
0.608341 0.910850
0.595102 0.075522
0.150014 0.138247
0.916911 0.986072
0.501184 0.943370
0.187946 0.796892
0.851831 0.608596
0.924743 0.610780
0.930342 0.336086
0.048368 0.119241
0.299423 0.123969
0.151024 0.909693
0.269316 0.735379
0.855471 0.393729
0.519240 0.708669
0.991755 0.851416
0.951476 0.042910
0.923476 0.494120
0.442123 0.756336
0.738965 0.169402
0.863423 0.762728
0.531304 0.484624
0.878214 0.117455
0.518634 0.058147
0.687630 0.915364
0.311851 0.208699
0.498991 0.978467
0.472780 0.695125
0.942997 0.285597
0.882856 0.045176
0.688889 0.473874
0.378652 0.233551
0.331048 0.298653
0.867224 0.959606
0.654427 0.084380
0.699419 0.778253
0.472031 0.275911
0.217850 0.756362
0.865684 0.100905
0.438725 0.873704
0.814655 0.660585
0.437414 0.888509
0.477441 0.979858
0.175341 0.487112
0.219817 0.384713
0.190256 0.516380
0.598200 0.059945
0.102482 0.878620
0.536445 0.826020
0.693104 0.261729
0.410143 0.212388
0.973675 0.268799
0.687883 0.267016
0.389031 0.321656
0.617093 0.102901
0.610172 0.911891
0.249577 0.082813
0.403837 0.461579
0.721538 0.651354
0.430903 0.779345
0.666392 0.106327
0.324833 0.276415
0.309463 0.149252
0.577565 0.881960
0.822630 0.112897
0.580120 0.320906
0.128038 0.597424
0.338716 0.877329
0.287507 0.866042
0.595276 0.537375
0.706134 0.789916
0.551616 0.063139
0.423966 0.970341
0.072869 0.024486
0.297687 0.302770
0.600012 0.440537
0.975806 0.169615
0.828471 0.448560
0.141958 0.669234
0.747091 0.476191
0.435564 0.429911
0.765333 0.996567
0.714611 0.530682
0.860436 0.106364
0.323868 0.656760
0.014042 0.575728
0.316872 0.603363
0.624621 0.735612
0.104155 0.756598
0.464277 0.358054
0.684923 0.307450
0.937939 0.185445
0.324144 0.511508
0.466438 0.239648
0.624542 0.240747
0.494815 0.671425
0.604517 0.457888
0.234304 0.982709
0.801317 0.351611
0.006800 0.578696
0.927955 0.318894
0.293253 0.370002
0.962670 0.799806
0.329093 0.207270
0.381744 0.570119
0.571164 0.753028
0.257189 0.887460
0.365106 0.135441
0.473007 0.244037
0.847618 0.298715
0.266691 0.589932
0.974614 0.048373
0.589280 0.027066
0.454220 0.305325
0.995324 0.688192
0.965860 0.294378
0.333745 0.943167
0.430590 0.045595
0.022898 0.882105
0.701083 0.661093
0.264566 0.220426
0.515398 0.296591
0.548325 0.455177
0.764027 0.729788
0.358128 0.696761
0.546122 0.448221
0.770638 0.649487
0.866592 0.283893
0.675868 0.093838
0.053303 0.125900
0.677125 0.482254
0.321433 0.572823
0.195821 0.176670
0.319926 0.309919
0.329982 0.699254
0.318682 0.219376
0.447375 0.962344
0.647155 0.727065
0.107558 0.660253
0.906497 0.881893
0.558251 0.785740
0.178371 0.420151
0.428626 0.618240
0.900211 0.205686
0.013577 0.991861
0.916457 0.016218
0.654053 0.249146
0.484149 0.803356
0.081765 0.371447
0.479409 0.689607
0.717284 0.843814
0.516398 0.594776
0.686587 0.960198
0.631876 0.355796
0.565857 0.951763
0.654367 0.708357
0.990720 0.923688
0.407424 0.657105
0.125968 0.911389
0.675756 0.742950
0.497841 0.058914
0.913371 0.118616
0.951423 0.238979
0.246234 0.677852
0.933199 0.971796
0.036521 0.668700
0.596162 0.574510
0.548096 0.537875
0.620500 0.616767
0.372058 0.285176
0.855414 0.721196
0.400658 0.544169
0.229618 0.675893
0.493369 0.805554
0.400089 0.368581
0.046739 0.639718
0.922647 0.212648
0.454629 0.910396
0.338095 0.967950
0.880604 0.395534
0.805061 0.805389
0.443379 0.496938
0.456505 0.160655
0.418046 0.300890
0.535981 0.549284
0.910966 0.566800
0.183917 0.512373
0.660816 0.262874
0.975185 0.273228
0.772167 0.926342
0.653357 0.238753
0.223799 0.086468
0.819959 0.045866
0.406263 0.909677
0.518038 0.339640
0.026077 0.090109
0.906736 0.206759
0.670495 0.672209
0.561441 0.340329
0.566910 0.118015
0.100949 0.942045
0.191510 0.044911
0.298297 0.944984
0.160737 0.490004
0.084216 0.349836
0.771496 0.314265
0.708018 0.411542
0.652705 0.324783
0.863249 0.358569
0.299679 0.358964
0.333809 0.326696
0.851639 0.194922
0.040693 0.306555
0.285189 0.941250
0.263196 0.006643
0.301014 0.753747
0.373568 0.246725
0.244125 0.260915
0.808157 0.785403
0.874384 0.388635
0.478950 0.183696
0.313768 0.056056
0.531990 0.001320
0.651756 0.399926
0.686814 0.745752
0.127854 0.494590
0.713546 0.111057
0.001547 0.596576
0.542175 0.260046
0.505478 0.035939
0.701919 0.685452
0.782120 0.952205
0.573209 0.309265
0.688209 0.034706
0.057115 0.724467
0.626752 0.625385
0.931232 0.748279
0.463321 0.187298
0.563617 0.344407
0.714892 0.950147
0.190119 0.537192
0.788953 0.846960
0.419338 0.502494
0.439839 0.978898
0.567951 0.213026
0.829051 0.906070
0.597303 0.357893
0.445227 0.613492
0.228791 0.697322
0.305274 0.602675
0.608197 0.339755
0.360610 0.399463
0.239903 0.556750
0.767417 0.538352
0.328253 0.339543
0.177047 0.770970
0.239567 0.592246
0.070410 0.848065
0.985915 0.507813
0.464940 0.907262
0.451296 0.616693
0.735777 0.941533
0.722475 0.735087
0.861326 0.988038
0.731364 0.282864
0.166919 0.523180
0.822897 0.634935
0.636078 0.433938
0.903330 0.535455
0.087416 0.814991
0.016508 0.453179
0.196307 0.467641
0.959045 0.079717
0.262652 0.821108
0.931416 0.203613
0.124991 0.491497
0.488273 0.783739
0.171800 0.434733
0.118173 0.714485
0.485476 0.558418
0.080883 0.612216
0.818214 0.373833
0.159864 0.370439
0.910219 0.829292
0.486978 0.722431
0.804761 0.678946
0.590105 0.900986
0.022792 0.157453
0.852465 0.749406
0.445418 0.163473
0.574355 0.755509
0.478612 0.303201
0.574466 0.725189
0.784280 0.804679
0.014906 0.230707
0.522960 0.843825
0.181930 0.355267
0.434476 0.100288
0.893879 0.358976
0.677785 0.199092
0.756874 0.645962
0.607396 0.586168
0.800051 0.533552
0.420000 0.146972
0.432016 0.452994
0.673772 0.681559
0.319337 0.483562
0.829019 0.179343
0.591001 0.486434
0.897283 0.176110
0.144914 0.508930
0.688123 0.817918
0.903998 0.932480
0.984249 0.308336
0.651362 0.903203
0.804904 0.840533
0.039775 0.664877
0.396513 0.727908
0.520276 0.755175
0.708402 0.029189
0.155967 0.347744
0.794708 0.875606
0.339305 0.976672
0.751695 0.831017
0.897855 0.584771
0.697529 0.973326
0.263153 0.153013
0.739920 0.847367
0.549476 0.100463
0.852802 0.566081
0.684688 0.005346
0.380256 0.629808
0.216408 0.245871
0.680548 0.393011
0.620842 0.718872
