100 10
0.404888 0.156874
0.492884 0.936064
0.128408 0.848024
0.456103 0.428902
0.796082 0.271823
0.276819 0.583247
0.665334 0.147696
0.846060 0.097883
0.852479 0.977147
0.342432 0.299690
0.828728 0.118189
0.836436 0.892803
0.468981 0.201028
0.300038 0.498596
0.859157 0.976405
0.298497 0.926475
0.910393 0.244309
0.065331 0.443079
0.514378 0.833897
0.925937 0.282291
0.373601 0.789298
0.270590 0.294042
0.046164 0.111456
0.505838 0.132344
0.540807 0.027278
0.311758 0.844791
0.649930 0.480663
0.905252 0.875326
0.177092 0.015254
0.743938 0.153528
0.759898 0.592471
0.210858 0.560283
0.157378 0.160360
0.793872 0.868051
0.671769 0.057663
0.357051 0.560328
0.417793 0.378663
0.580876 0.450496
0.558209 0.322277
0.298967 0.195110
0.235269 0.579833
0.727481 0.000494
0.345583 0.821216
0.480872 0.212719
0.738025 0.069525
0.701469 0.881555
0.509928 0.258601
0.245576 0.019386
0.552934 0.358995
0.457113 0.212015
0.173893 0.532206
0.853755 0.380778
0.019036 0.238117
0.033428 0.805936
0.911840 0.653404
0.334362 0.612887
0.303841 0.239650
0.849774 0.946829
0.887782 0.982453
0.895211 0.758980
0.764750 0.490499
0.066824 0.511526
0.332960 0.205762
0.755199 0.029667
0.766184 0.261645
0.070545 0.683552
0.944906 0.259696
0.961887 0.022151
0.211120 0.704455
0.557475 0.362360
0.426580 0.451995
0.369178 0.143793
0.199061 0.164349
0.352594 0.922795
0.540161 0.507365
0.069065 0.950668
0.046486 0.436372
0.977883 0.080041
0.008097 0.998655
0.508255 0.734835
0.050611 0.169086
0.588694 0.900240
0.737973 0.155090
0.423519 0.646521
0.241926 0.370281
0.107988 0.295458
0.859417 0.080499
0.120869 0.459776
0.656787 0.423875
0.236166 0.305188
0.648756 0.744389
0.605851 0.371304
0.920443 0.377623
0.646720 0.730906
0.332080 0.110779
0.491516 0.187038
0.484179 0.022586
0.483345 0.924084
0.708624 0.828772
0.905353 0.577521
0.743250 0.325731
0.417853 0.555491
0.841982 0.071377
0.168249 0.894741
0.359949 0.512238
0.752062 0.939089
0.380691 0.379257
0.932617 0.589528
0.916287 0.499250
0.004189 0.360286
0.065465 0.271889
0.933855 0.673452
0.246695 0.407873
0.081764 0.724394
0.090545 0.648037
0.076489 0.962228
0.354067 0.494613
0.007324 0.432447
0.244236 0.575361
0.576946 0.355075
0.408356 0.673390
0.122039 0.222191
0.608079 0.751855
0.335571 0.484595
0.654976 0.437916
0.702565 0.702730
0.176425 0.524340
0.134653 0.780279
0.592674 0.098168
0.690359 0.696310
0.003253 0.531208
0.958181 0.675283
0.607441 0.733987
0.417582 0.483391
0.659048 0.819734
0.008565 0.042902
0.564008 0.864913
0.507198 0.974394
0.101455 0.506133
0.808757 0.328380
0.285296 0.252535
0.844600 0.130012
0.981363 0.631292
0.026622 0.117542
0.996114 0.827785
0.967545 0.552511
0.307401 0.346081
0.985377 0.140286
0.979819 0.354866
0.577079 0.330414
0.267819 0.645521
0.732608 0.617055
0.732621 0.813158
0.180097 0.873683
0.779270 0.400503
0.631307 0.891199
0.290795 0.865784
0.064161 0.955102
0.392533 0.192162
0.760140 0.905850
0.014901 0.639575
0.156485 0.505290
0.325681 0.620088
0.428873 0.089597
0.907042 0.587598
0.630196 0.917912
0.953419 0.725027
0.386792 0.254969
0.998342 0.274074
0.131871 0.592019
0.044487 0.765300
0.302092 0.596210
0.955203 0.792358
0.042531 0.611211
0.850463 0.348762
0.236758 0.854621
0.218960 0.268493
0.084835 0.518511
0.534818 0.865440
0.916626 0.444733
0.066427 0.365477
0.469572 0.894525
0.956678 0.988269
0.294699 0.653866
0.507466 0.526354
0.510419 0.895178
0.559934 0.515281
0.027365 0.423883
0.864152 0.389106
0.209764 0.991516
0.343339 0.460616
0.795832 0.309720
0.143584 0.813396
0.203778 0.035343
0.355406 0.031115
0.491918 0.137935
0.251594 0.823746
0.752434 0.622172
0.728609 0.961122
0.734197 0.750108
0.000641 0.767879
0.766437 0.075760
0.142040 0.810179
0.594783 0.344582
0.445190 0.446984
0.868286 0.693130
0.059069 0.254536
0.765597 0.482725
0.117904 0.402982
0.696912 0.760888
0.865143 0.837849
0.053807 0.103288
0.635529 0.109450
0.888336 0.950564
0.892137 0.437608
0.702604 0.541322
0.022240 0.449482
0.357683 0.042917
0.792133 0.081333
0.361941 0.779346
0.400614 0.160832
0.497774 0.043821
0.351183 0.303677
0.437909 0.643715
0.608715 0.093408
0.977123 0.732728
0.446093 0.737416
0.528391 0.249377
0.375355 0.997250
0.163635 0.012401
0.699687 0.115738
0.895775 0.082241
0.742364 0.695150
0.843166 0.567186
0.631716 0.518170
0.106667 0.829975
0.530304 0.937855
0.356259 0.693215
0.857137 0.202456
0.386125 0.717928
0.688533 0.468078
0.176879 0.673635
0.545386 0.776649
0.298599 0.832540
0.576768 0.537308
0.238263 0.108117
0.956817 0.521613
0.400133 0.257113
0.485376 0.975785
0.931420 0.620050
0.314107 0.250307
0.604946 0.894623
0.117553 0.039892
0.077776 0.431034
0.218695 0.969297
0.993177 0.347514
0.251132 0.388928
0.955792 0.323678
0.935464 0.500103
0.175602 0.277373
0.384969 0.708023
0.997116 0.557766
0.928674 0.428756
0.519256 0.893210
0.160545 0.719313
0.655642 0.114628
0.158743 0.851082
0.441032 0.774422
0.876840 0.666784
0.258784 0.589860
0.849762 0.346896
0.759490 0.573183
0.611665 0.109333
0.365395 0.182500
0.094349 0.451545
0.543783 0.588337
0.648324 0.843043
0.539213 0.767906
0.815744 0.792204
0.965564 0.563559
0.166230 0.730585
0.616843 0.323754
0.736351 0.421367
0.930885 0.905576
0.616754 0.574988
0.304366 0.831778
0.238193 0.466974
0.699863 0.363419
0.241819 0.453171
0.499637 0.547173
0.130931 0.649148
0.476882 0.220531
0.552161 0.808434
0.814921 0.864907
0.328427 0.651057
0.957698 0.900572
0.172278 0.464713
0.367529 0.796662
0.993135 0.604270
0.113785 0.734098
0.735966 0.839209
0.845212 0.090550
0.474984 0.766312
0.155416 0.856206
0.889975 0.368371
0.424250 0.615295
0.358406 0.691846
0.119076 0.469659
0.583038 0.682723
0.315393 0.233470
0.712180 0.050072
0.027450 0.247990
0.919498 0.789645
0.668682 0.494724
0.285833 0.062668
0.198134 0.807202
0.377255 0.294127
0.568006 0.234641
0.846831 0.125374
0.258300 0.569844
0.389453 0.565260
0.635370 0.360592
0.966863 0.054677
0.922114 0.933309
0.845981 0.724612
0.175934 0.934279
0.767165 0.094503
0.113713 0.817287
0.583488 0.840787
0.509726 0.445651
0.666523 0.041203
0.199899 0.097810
0.344833 0.232456
0.182023 0.959633
0.465092 0.215203
0.406781 0.707912
0.546204 0.238008
0.737222 0.453978
0.424963 0.807878
0.760067 0.257962
0.757761 0.956990
0.856994 0.009692
0.903799 0.578698
0.438020 0.678170
0.137358 0.401176
0.172636 0.077678
0.118226 0.373722
0.189409 0.697900
0.429225 0.671057
0.744078 0.848113
0.369323 0.899424
0.511947 0.700870
0.755824 0.582648
0.589376 0.719031
0.063423 0.565649
0.562949 0.143372
0.564753 0.460235
0.433808 0.488271
0.764575 0.891886
0.609466 0.274830
0.051550 0.674480
0.254544 0.791476
0.446714 0.517288
0.468034 0.164962
0.871902 0.194990
0.767253 0.026618
0.083492 0.386910
0.808855 0.242733
0.325883 0.714797
0.968603 0.713772
0.266266 0.768007
0.642896 0.704146
0.876935 0.100898
0.846944 0.250132
0.715710 0.844950
0.613461 0.211035
0.296580 0.964530
0.517962 0.348251
0.646793 0.993468
0.893224 0.170364
0.943432 0.398655
0.713527 0.995969
0.918049 0.776848
0.216275 0.171151
0.967440 0.391795
0.571483 0.937545
0.257481 0.645332
0.099307 0.596390
0.052520 0.434242
0.587268 0.813262
0.458030 0.925450
0.474961 0.237882
0.256934 0.993081
0.350118 0.535966
0.137420 0.758374
0.933276 0.295812
0.874290 0.752750
0.842576 0.583408
0.211376 0.480555
0.921521 0.828568
0.581530 0.127344
0.467593 0.846566
0.446630 0.751943
0.951205 0.540722
0.192639 0.751451
0.335267 0.534546
0.281613 0.041361
0.822768 0.172811
0.312376 0.636543
0.485564 0.009733
0.422584 0.843523
0.325793 0.304214
0.914000 0.378172
0.140008 0.598690
0.892068 0.244845
0.534696 0.359763
0.079292 0.239617
0.894834 0.528412
0.757904 0.703585
0.626789 0.466370
0.148042 0.250591
0.791948 0.716844
0.092734 0.437290
0.751473 0.937992
0.459313 0.874941
0.504297 0.213675
0.144565 0.921052
0.859208 0.713306
0.156894 0.749534
0.677108 0.546679
0.685562 0.038827
0.539002 0.675692
0.300682 0.834288
0.554761 0.666050
0.309725 0.455138
0.082105 0.014581
0.063745 0.196881
0.210681 0.316808
0.646457 0.789049
0.808689 0.499329
0.946889 0.566230
0.241086 0.858092
0.726708 0.528915
0.005962 0.681647
0.174271 0.671945
0.621860 0.225547
0.090136 0.640144
0.693553 0.284340
0.987801 0.461325
0.499320 0.261380
0.278804 0.371553
0.316201 0.824663
0.105308 0.562171
0.558784 0.053661
0.851929 0.769357
0.219379 0.474405
0.370549 0.747581
0.650475 0.572781
0.787809 0.243858
0.747565 0.284134
0.355591 0.126226
0.432607 0.497712
0.591381 0.428295
0.323475 0.880906
0.130600 0.941262
0.101500 0.990913
0.669668 0.706463
0.907361 0.480135
0.062388 0.732030
0.772485 0.848922
0.220090 0.628412
0.513158 0.629880
0.677520 0.550093
0.801503 0.447795
0.024309 0.395019
0.680998 0.052584
0.472056 0.728018
0.728165 0.435715
0.941316 0.480194
0.166596 0.676202
0.290915 0.642992
0.735520 0.435366
0.821256 0.395017
0.600199 0.623702
0.359504 0.659860
0.134895 0.834315
0.283190 0.992787
0.683583 0.886302
0.511193 0.766078
0.956203 0.993308
0.232244 0.766155
0.648470 0.839625
0.081550 0.724193
0.864860 0.029740
0.491258 0.383413
0.495653 0.922927
0.323120 0.804203
0.684230 0.325839
0.056589 0.263761
0.839234 0.065519
0.682017 0.903363
0.994494 0.094660
0.410889 0.947556
0.727097 0.431690
0.353140 0.426458
0.060212 0.787067
0.938595 0.289346
0.039647 0.198935
0.636419 0.911259
0.910520 0.108483
0.503016 0.494037
0.565864 0.161712
0.065739 0.616925
0.376762 0.723992
0.452017 0.248575
0.562708 0.841477
0.713061 0.296725
0.815123 0.491795
0.946599 0.195634
0.600217 0.152435
0.783214 0.383728
0.066534 0.602370
0.680304 0.692266
0.133277 0.466471
0.628302 0.972732
0.234240 0.829880
0.423500 0.782133
0.635583 0.619763
0.154483 0.760579
0.245550 0.079604
0.952814 0.680787
0.239149 0.135732
0.711934 0.099877
0.391200 0.617072
0.950305 0.483628
0.838751 0.744705
0.410411 0.742328
0.643957 0.556098
0.258289 0.269387
0.059868 0.557238
0.623520 0.233997
0.289164 0.809554
0.921439 0.338756
0.208595 0.025577
0.809122 0.912490
0.429627 0.168604
0.351642 0.929351
0.577005 0.776653
0.966237 0.549092
0.509404 0.232571
0.120175 0.625874
0.631056 0.386818
0.256616 0.313557
0.440762 0.132006
0.277299 0.362136
0.065376 0.847786
0.706684 0.781856
0.285339 0.923907
0.012569 0.595436
0.177566 0.924700
0.348733 0.473323
0.328595 0.543088
0.678861 0.307079
0.504855 0.674418
0.866100 0.397814
0.493465 0.737364
0.378146 0.742475
0.001210 0.596585
0.366109 0.145714
0.016339 0.899838
0.141424 0.124544
0.211957 0.715461
0.347477 0.575686
0.699773 0.053195
0.951405 0.045386
0.787420 0.566804
0.914986 0.329889
0.152962 0.374212
0.392052 0.827050
0.202488 0.486660
0.237292 0.204050
0.352207 0.880899
0.669183 0.486260
0.150533 0.238697
0.583421 0.048951
0.557977 0.803512
0.153131 0.970868
0.248390 0.436808
0.022889 0.347947
0.528355 0.591398
0.675253 0.851933
0.003255 0.723454
0.712462 0.743193
0.453825 0.520758
0.929022 0.714544
0.783693 0.653571
0.255341 0.150359
0.963373 0.525105
0.785446 0.206422
0.794005 0.535746
0.735120 0.505746
0.034934 0.383420
0.925771 0.819139
0.899950 0.338521
0.140197 0.463421
0.405124 0.322293
0.503092 0.154506
0.014770 0.693876
0.321130 0.119199
0.154695 0.020537
0.529229 0.113939
0.231587 0.519358
0.487180 0.870822
0.025986 0.335849
0.026470 0.596797
0.875048 0.583755
0.216294 0.657490
0.074665 0.640567
0.521567 0.847782
0.870844 0.610349
0.289253 0.841176
0.627415 0.428450
0.191876 0.033140
0.121504 0.380644
0.937666 0.792737
0.690087 0.249096
0.422882 0.351361
0.336640 0.224451
0.948220 0.577378
0.005355 0.887716
0.129723 0.975996
0.243184 0.742181
0.771794 0.291383
0.770153 0.440487
0.700032 0.677463
0.841624 0.463139
0.371505 0.578214
0.579444 0.171093
0.154061 0.542855
0.696747 0.171097
0.819995 0.550370
0.910473 0.895790
0.109123 0.224746
0.008330 0.714539
0.183868 0.052886
0.147006 0.125750
0.214152 0.004761
0.042991 0.155862
0.549571 0.915510
0.813061 0.668634
0.361947 0.343844
0.288555 0.451058
0.717426 0.807021
0.699991 0.262476
0.634204 0.453621
0.678834 0.514841
0.544914 0.930243
0.816039 0.709910
0.491051 0.855089
0.888199 0.266800
0.613094 0.465947
0.584230 0.157795
0.228105 0.296857
0.519217 0.304370
0.555890 0.391263
0.087737 0.121122
0.876542 0.839675
0.733450 0.139471
0.534686 0.521709
0.439196 0.109829
0.029449 0.317789
0.806690 0.847760
0.046148 0.439541
0.390371 0.997434
0.416188 0.187540
0.665331 0.613025
0.466136 0.051895
0.052271 0.841520
0.179000 0.284938
0.619402 0.145567
0.348790 0.865336
0.159223 0.594168
0.574286 0.688295
0.328851 0.693481
0.163124 0.160517
0.496372 0.507629
0.584982 0.169812
0.996789 0.806045
0.983067 0.169706
0.711898 0.651764
0.634930 0.058300
0.958710 0.022616
0.425211 0.984682
0.504683 0.177261
0.490958 0.527360
0.849223 0.705292
0.416995 0.004512
0.023205 0.005825
0.593997 0.591873
0.018655 0.372599
0.207179 0.681488
0.712573 0.189053
0.743830 0.275856
0.485900 0.303513
0.196558 0.153200
0.556499 0.492751
0.113509 0.637614
0.611484 0.188505
0.970648 0.436078
0.967066 0.465434
0.715429 0.922337
0.245448 0.422291
0.105804 0.573257
0.842743 0.162235
0.550005 0.766947
0.254961 0.547057
0.777685 0.401466
0.096159 0.147031
0.692620 0.157318
0.672507 0.060345
0.574013 0.445733
0.023601 0.989196
0.834922 0.741438
0.611262 0.483396
0.820478 0.453726
0.754692 0.929318
0.367052 0.131549
0.567677 0.832670
0.497997 0.132627
0.208959 0.699160
0.414625 0.959625
0.483368 0.766539
0.907364 0.325526
0.599670 0.585850
0.629571 0.845937
0.293383 0.509877
0.910026 0.142611
0.411458 0.715677
0.041603 0.527952
0.555052 0.118971
0.811203 0.353637
0.723114 0.241528
0.558501 0.215751
0.334399 0.737889
0.716025 0.781308
0.143492 0.657250
0.186084 0.002094
0.523996 0.766902
0.214954 0.760852
0.030545 0.590294
0.705570 0.310118
0.057048 0.183557
0.606271 0.230359
0.944216 0.104213
0.758269 0.923110
0.225925 0.177578
0.555568 0.237659
0.883184 0.830139
0.794697 0.469312
0.621155 0.554122
0.219586 0.437381
0.675633 0.154914
0.708046 0.576747
0.987362 0.751422
0.557622 0.557488
0.371623 0.420716
0.634503 0.771574
0.330744 0.543041
0.627278 0.966446
0.507465 0.851431
0.728912 0.481984
0.948109 0.461106
0.794810 0.824116
0.403772 0.958165
0.842736 0.698129
0.795237 0.357324
0.392981 0.209567
0.095130 0.848107
0.880856 0.320477
0.606239 0.622363
0.684860 0.034688
0.849178 0.600050
0.502686 0.643631
0.325034 0.027220
0.279784 0.782932
0.578654 0.437740
0.064257 0.360365
0.985791 0.577812
0.257614 0.560718
0.547148 0.159988
0.277837 0.789038
0.744231 0.885309
0.162246 0.423367
0.197512 0.239330
0.591874 0.344383
0.432399 0.349469
0.872465 0.074664
0.532040 0.486507
0.251828 0.038135
0.320805 0.512793
0.267165 0.486305
0.286802 0.465933
0.047756 0.348997
0.560565 0.790364
0.564956 0.483173
0.817104 0.623165
0.794131 0.123501
0.341878 0.064814
0.133910 0.532540
0.755006 0.344380
0.458245 0.082008
0.522929 0.101730
0.007302 0.281041
0.372719 0.190326
0.541082 0.419065
0.238886 0.910223
0.494421 0.541028
0.502936 0.806120
0.916584 0.340423
0.282637 0.064509
0.279793 0.547219
0.862728 0.459072
0.706599 0.433133
0.850735 0.913374
0.140355 0.725778
0.516594 0.505837
0.136702 0.939785
0.628757 0.676125
0.734494 0.951331
0.499937 0.461135
0.566735 0.843444
0.649228 0.423295
0.038013 0.593780
0.454810 0.676042
0.247849 0.143816
0.231464 0.819983
0.461483 0.999644
0.139224 0.971205
0.774634 0.759362
0.321142 0.565735
0.880868 0.664414
0.967430 0.273313
0.175186 0.119520
0.908949 0.478773
0.141622 0.913107
0.520901 0.212429
0.579118 0.387000
0.180081 0.033219
0.620995 0.580891
0.036127 0.087979
0.274652 0.587543
0.481566 0.139126
0.518960 0.892713
0.880999 0.317083
0.352112 0.931251
0.610267 0.806150
0.758827 0.326209
0.775130 0.794841
0.277390 0.739916
0.313459 0.632817
0.804147 0.679634
0.407187 0.531559
0.468580 0.702287
0.508966 0.089020
0.254208 0.739307
0.774200 0.982282
0.184009 0.127226
0.536296 0.651955
0.200729 0.702281
0.391584 0.207709
0.617501 0.128427
0.946674 0.496517
0.063049 0.041257
0.258919 0.915678
0.806143 0.852391
0.473348 0.603838
0.389570 0.005551
0.919418 0.266632
0.420056 0.784268
0.313044 0.705735
0.136063 0.334043
0.150626 0.645028
0.283188 0.832471
0.768531 0.544425
0.472340 0.297731
0.987235 0.839191
0.548342 0.012556
0.563153 0.524119
0.526294 0.944240
0.274003 0.944984
0.900584 0.198200
0.165113 0.649476
0.448562 0.065958
0.701421 0.978249
0.319373 0.068852
0.129217 0.823007
0.470581 0.178910
0.408388 0.021566
0.948383 0.541607
0.007577 0.028727
0.440246 0.580655
0.916411 0.762920
0.540115 0.804107
0.221374 0.831471
0.475241 0.341837
0.132948 0.973919
0.514790 0.589239
0.436831 0.893094
0.774025 0.276716
0.167436 0.121006
0.228401 0.775115
0.521911 0.787091
0.289159 0.548662
0.767023 0.996793
0.257333 0.061428
0.773935 0.289759
0.955042 0.725959
0.399908 0.248527
0.264538 0.243024
0.795870 0.924810
0.725537 0.424870
0.290072 0.897636
0.442066 0.328383
0.741430 0.064762
0.816883 0.249242
0.783743 0.809152
0.279594 0.371435
0.353256 0.997000
0.013677 0.859130
0.602535 0.964448
0.115848 0.262435
0.441434 0.346903
0.602875 0.094299
0.488874 0.226757
0.433362 0.989568
0.352115 0.243292
0.129725 0.446414
0.035225 0.733083
0.088368 0.079475
0.317071 0.304578
0.288095 0.847701
0.767026 0.378587
0.129168 0.417485
0.019955 0.413639
0.684485 0.122724
0.688397 0.683770
0.903331 0.377194
0.257280 0.563584
0.796915 0.658349
0.045478 0.520407
0.739796 0.498594
0.187467 0.752666
0.795785 0.476940
0.711510 0.533958
0.385624 0.564168
0.001518 0.595845
0.099023 0.056652
0.475632 0.574685
0.818642 0.326112
0.252383 0.330213
0.670401 0.293899
0.353290 0.960693
0.889543 0.984289
0.064342 0.096810
0.342418 0.413068
0.169654 0.249405
0.014438 0.090707
0.636426 0.570279
0.207253 0.788827
0.991401 0.856565
0.462936 0.908348
0.813987 0.787916
0.735698 0.631148
0.391359 0.978113
0.509384 0.507367
0.996581 0.164775
0.183789 0.643191
0.657186 0.310867
0.305761 0.433549
0.675023 0.411108
0.289302 0.017812
0.035121 0.477472
0.829243 0.563434
0.627600 0.964062
0.967722 0.535095
0.698560 0.510568
0.368534 0.359504
0.458801 0.598211
0.905895 0.836805
0.182417 0.546704
0.901116 0.846176
0.577540 0.015992
0.274270 0.121224
0.124895 0.335816
0.396775 0.411531
0.760710 0.550360
0.363168 0.250562
0.999411 0.981078
0.148807 0.526161
0.030151 0.361133
