100 12
0.708294 0.502734
0.530770 0.608899
0.461021 0.643330
0.891043 0.966258
0.620119 0.103549
0.987475 0.860343
0.671616 0.072815
0.642063 0.132289
0.293130 0.939361
0.527122 0.872074
0.169270 0.216971
0.757441 0.394821
0.840002 0.607073
0.455299 0.011960
0.060443 0.704384
0.147780 0.559825
0.625356 0.981463
0.511561 0.126319
0.550527 0.804384
0.009992 0.020291
0.647890 0.765185
0.780832 0.456682
0.640359 0.178120
0.242012 0.458096
0.805538 0.519693
0.086547 0.378796
0.762578 0.907562
0.281711 0.599981
0.777608 0.262017
0.370563 0.281658
0.099051 0.894153
0.268683 0.283171
0.997718 0.111188
0.484957 0.529848
0.600718 0.387038
0.682413 0.249280
0.540646 0.460815
0.470715 0.947171
0.312430 0.624595
0.016153 0.671011
0.041664 0.818395
0.996782 0.472350
0.983695 0.529137
0.796305 0.796458
0.563827 0.819373
0.965103 0.724098
0.317694 0.291119
0.995739 0.350943
0.318108 0.362913
0.231896 0.731365
0.318879 0.492627
0.938801 0.965815
0.894797 0.038291
0.550477 0.456406
0.610877 0.398729
0.982147 0.992318
0.513630 0.895166
0.564696 0.689098
0.820593 0.533213
0.376526 0.229856
0.357310 0.070203
0.913773 0.015600
0.621897 0.095466
0.620428 0.407438
0.006617 0.655735
0.658572 0.133997
0.745074 0.044525
0.095504 0.627194
0.116006 0.772071
0.510511 0.893409
0.560976 0.127484
0.243237 0.322219
0.384942 0.712526
0.055850 0.521541
0.510418 0.120847
0.160355 0.661069
0.866528 0.229186
0.352087 0.250512
0.056146 0.453518
0.536685 0.616850
0.070712 0.785949
0.719533 0.578361
0.722260 0.210204
0.638965 0.633969
0.722014 0.252592
0.644822 0.774851
0.736774 0.981818
0.719284 0.297454
0.787871 0.228639
0.640354 0.491587
0.233156 0.946722
0.674236 0.083814
0.201774 0.336665
0.003044 0.529175
0.886384 0.399915
0.053741 0.004255
0.522894 0.727238
0.772938 0.455140
0.639595 0.546156
0.991254 0.579002
0.215402 0.078785
0.971795 0.483628
0.331307 0.892994
0.208870 0.421756
0.883274 0.558681
0.700745 0.077363
0.922727 0.887804
0.893086 0.014160
0.524958 0.184798
0.332684 0.161600
0.840880 0.864396
0.054510 0.582905
0.335900 0.670885
0.490347 0.439778
0.122227 0.070135
0.411835 0.740976
0.984850 0.190908
0.175989 0.286845
0.095592 0.627294
0.152993 0.241218
0.441099 0.770834
0.989263 0.870131
0.077334 0.944031
0.186475 0.396093
0.567215 0.850372
0.292174 0.390497
0.303567 0.833143
0.225753 0.339622
0.174884 0.549689
0.418671 0.802860
0.773737 0.278599
0.992251 0.430162
0.027121 0.221751
0.675502 0.779946
0.117312 0.833725
0.377183 0.624493
0.763366 0.532864
0.419688 0.156443
0.447010 0.970285
0.533707 0.446540
0.915957 0.145506
0.797935 0.445190
0.976840 0.840674
0.295907 0.269353
0.611709 0.682906
0.022747 0.856994
0.497276 0.020872
0.466504 0.594953
0.571822 0.917859
0.886540 0.807851
0.060954 0.620706
0.299292 0.737628
0.247327 0.138656
0.270471 0.008062
0.445190 0.052291
0.810212 0.395584
0.139964 0.176603
0.289637 0.574693
0.878161 0.007736
0.724664 0.819643
0.655175 0.539005
0.932406 0.936045
0.034225 0.161622
0.287388 0.520675
0.592768 0.655036
0.277099 0.002320
0.928394 0.137599
0.248382 0.392469
0.991645 0.852019
0.905611 0.479482
0.349851 0.656786
0.499977 0.907274
0.752659 0.913251
0.579732 0.391240
0.484011 0.231417
0.439145 0.447451
0.286847 0.084322
0.878395 0.092876
0.521282 0.564689
0.180640 0.121343
0.300566 0.635381
0.348423 0.032563
0.250085 0.972126
0.135058 0.417650
0.849895 0.545041
0.155136 0.272030
0.209703 0.318705
0.774276 0.532236
0.077546 0.422253
0.849089 0.947648
0.851750 0.009389
0.095860 0.660637
0.765577 0.160245
0.883564 0.051876
0.509714 0.758250
0.151772 0.775531
0.261860 0.540603
0.426011 0.900348
0.913002 0.176061
0.816024 0.848038
0.586139 0.221784
0.061434 0.734900
0.143079 0.963916
0.518514 0.057598
0.290033 0.848611
0.198294 0.441039
0.111613 0.618844
0.586174 0.917996
0.651617 0.304982
0.720198 0.597864
0.011229 0.295946
0.168422 0.226774
0.946529 0.681157
0.000073 0.033388
0.487860 0.163395
0.126625 0.116908
0.446514 0.490072
0.017999 0.676715
0.566069 0.332881
0.303549 0.414198
0.832724 0.910699
0.312537 0.913259
0.601406 0.030079
0.430606 0.270086
0.680796 0.242629
0.797797 0.416256
0.999595 0.516311
0.321178 0.152798
0.508086 0.313542
0.611108 0.639295
0.104226 0.883506
0.742215 0.652388
0.147623 0.967147
0.267648 0.592079
0.063665 0.917182
0.165736 0.255916
0.315236 0.296781
0.104585 0.787297
0.957974 0.986114
0.306645 0.127561
0.526937 0.634350
0.461847 0.411108
0.334706 0.839895
0.315939 0.874006
0.197507 0.569355
0.547296 0.349755
0.253069 0.009819
0.207802 0.850948
0.719205 0.694024
0.035781 0.874032
0.401369 0.861136
0.536549 0.796514
0.222697 0.077596
0.352944 0.345886
0.502204 0.796935
0.378085 0.430777
0.919168 0.596153
0.134071 0.641654
0.744342 0.316261
0.173712 0.437003
0.566447 0.232593
0.341592 0.151746
0.687791 0.218604
0.680442 0.788974
0.009109 0.133725
0.724707 0.850204
0.706666 0.130378
0.341163 0.291198
0.271944 0.503736
0.873612 0.307111
0.242526 0.744304
0.341461 0.416953
0.072850 0.122255
0.510091 0.275677
0.657095 0.403820
0.585489 0.858885
0.026773 0.353474
0.168862 0.254753
0.925284 0.493356
0.546538 0.222505
0.708388 0.535930
0.518820 0.358756
0.778545 0.263268
0.553057 0.479517
0.734855 0.769967
0.319307 0.439486
0.442401 0.916248
0.678625 0.253613
0.974525 0.388531
0.015403 0.064512
0.108680 0.555626
0.918774 0.829307
0.873727 0.928931
0.403544 0.810740
0.357573 0.685896
0.453923 0.279556
0.520068 0.354297
0.511782 0.915628
0.201096 0.620998
0.630909 0.914090
0.164541 0.724978
0.792993 0.712109
0.540440 0.187863
0.111238 0.927425
0.837305 0.326354
0.026104 0.965357
0.660206 0.541238
0.424543 0.907134
0.991156 0.116838
0.461217 0.367568
0.276807 0.859945
0.496219 0.283333
0.547190 0.704275
0.386321 0.329347
0.825694 0.395285
0.875611 0.865561
0.997965 0.005980
0.898571 0.748287
0.426098 0.597818
0.380245 0.016790
0.927242 0.571810
0.493839 0.071481
0.408692 0.651439
0.421215 0.970319
0.045578 0.214714
0.399672 0.510478
0.980253 0.957425
0.702479 0.265144
0.448188 0.024157
0.231903 0.628552
0.146665 0.420570
0.415912 0.014642
0.735051 0.165505
0.995976 0.068679
0.731337 0.831444
0.505923 0.445831
0.377368 0.973915
0.576908 0.465168
0.196583 0.902016
0.635627 0.482664
0.913957 0.161697
0.880141 0.839289
0.911365 0.339392
0.098901 0.821403
0.714364 0.138335
0.161427 0.438490
0.438491 0.025264
0.053546 0.237680
0.023467 0.419800
0.870670 0.144906
0.187706 0.703054
0.688020 0.261989
0.981714 0.172848
0.525182 0.107944
0.738130 0.866716
0.105829 0.707757
0.704695 0.170537
0.213748 0.120956
0.863048 0.869380
0.152318 0.279539
0.141331 0.773175
0.865858 0.482227
0.638671 0.914914
0.046659 0.268392
0.462579 0.593369
0.287364 0.855482
0.268617 0.381146
0.836917 0.563736
0.017810 0.657966
0.618427 0.067683
0.883949 0.022489
0.862982 0.082027
0.104096 0.894844
0.839375 0.396716
0.568841 0.572592
0.712404 0.225312
0.231430 0.833926
0.515039 0.600046
0.239329 0.840817
0.269545 0.921771
0.974023 0.917556
0.654393 0.704901
0.529934 0.284001
0.164843 0.281792
0.602938 0.511767
0.627032 0.696359
0.472665 0.869012
0.994951 0.943934
0.391993 0.419754
0.448850 0.470450
0.590119 0.313096
0.689402 0.746531
0.417162 0.077752
0.152081 0.695437
0.862499 0.546782
0.196721 0.268444
0.477405 0.301864
0.164196 0.747749
0.285063 0.135827
0.725519 0.203157
0.550731 0.601640
0.748753 0.917106
0.698341 0.542300
0.717981 0.452621
0.865117 0.289914
0.934357 0.285544
0.070042 0.742561
0.475099 0.639447
0.116212 0.687138
0.814665 0.800444
0.333988 0.130223
0.717620 0.232403
0.256873 0.396743
0.748512 0.091811
0.835746 0.739587
0.423850 0.841226
0.932855 0.729988
0.304246 0.576223
0.281936 0.142435
0.539500 0.353078
0.369443 0.340587
0.567715 0.656656
0.454930 0.996608
0.884881 0.333900
0.213004 0.570329
0.145588 0.818569
0.738660 0.705895
0.118458 0.958885
0.875135 0.784785
0.910012 0.271167
0.575642 0.937831
0.371896 0.546428
0.200617 0.775123
0.898129 0.753511
0.666678 0.411394
0.018856 0.394903
0.917374 0.759857
0.144720 0.194753
0.184175 0.249933
0.866209 0.738867
0.133152 0.314123
0.987065 0.196221
0.913870 0.137618
0.542089 0.260850
0.846622 0.913642
0.257681 0.311672
0.202288 0.552770
0.971214 0.707596
0.705480 0.585865
0.819706 0.115108
0.099642 0.725677
0.241479 0.449853
0.287189 0.961836
0.422794 0.123100
0.412741 0.527753
0.309770 0.393928
0.036660 0.292788
0.749374 0.997312
0.843351 0.106570
0.550111 0.778399
0.314969 0.792614
0.105361 0.236676
0.723448 0.049908
0.389749 0.830541
0.698275 0.831248
0.232086 0.262549
0.776544 0.644345
0.449767 0.498265
0.018721 0.191010
0.214493 0.097785
0.327509 0.018677
0.663969 0.920545
0.358895 0.398983
0.855199 0.948423
0.504261 0.161697
0.364563 0.702435
0.889928 0.244044
0.820181 0.261578
0.472299 0.156266
0.789873 0.154660
0.952432 0.057771
0.347496 0.938025
0.613975 0.467644
0.593365 0.022540
0.480018 0.337829
0.308989 0.272511
0.886895 0.294607
0.952019 0.720370
0.239748 0.423930
0.466776 0.516704
0.801330 0.076815
0.136871 0.171982
0.865030 0.167885
0.062548 0.270100
0.766230 0.851147
0.643675 0.188560
0.905842 0.352750
0.128204 0.159761
0.883873 0.094038
0.392582 0.450185
0.972717 0.347931
0.025862 0.429298
0.411425 0.466435
0.825371 0.348295
0.618809 0.585590
0.474396 0.108944
0.216887 0.359533
0.695486 0.921060
0.250602 0.409554
0.116602 0.332996
0.749463 0.647385
0.259730 0.244995
0.765965 0.161092
0.243283 0.178797
0.665444 0.056217
0.767434 0.600948
0.975942 0.793969
0.645618 0.867161
0.038989 0.693074
0.511066 0.238486
0.846191 0.644746
0.402749 0.126875
0.666626 0.269043
0.732887 0.754231
0.436518 0.470766
0.606351 0.271903
0.197997 0.814750
0.392777 0.971097
0.094466 0.680735
0.155337 0.247750
0.089282 0.578403
0.377824 0.100753
0.736265 0.616694
0.285043 0.598473
0.207934 0.225405
0.514260 0.770731
0.948919 0.742959
0.152523 0.446159
0.359796 0.373502
0.126833 0.744549
0.329036 0.481694
0.354476 0.286476
0.712562 0.447091
0.214692 0.971615
0.720078 0.253020
0.182358 0.901341
0.663181 0.152338
0.440578 0.485470
0.220108 0.388994
0.915259 0.050966
0.325492 0.202218
0.798757 0.326090
0.128330 0.224632
0.819373 0.390922
0.695068 0.138900
0.757115 0.769293
0.301886 0.526664
0.998929 0.552699
0.306328 0.294702
0.750827 0.038094
0.120369 0.515003
0.502450 0.073367
0.009197 0.275738
0.508005 0.491543
0.561050 0.688546
0.162052 0.574064
0.076590 0.400362
0.239650 0.183999
0.330524 0.287034
0.960164 0.658992
0.362166 0.389556
0.259918 0.571858
0.541803 0.367954
0.638497 0.134630
0.374800 0.674375
0.608290 0.690440
0.681039 0.836811
0.806835 0.648696
0.394013 0.670034
0.512478 0.402899
0.843566 0.668755
0.595913 0.421116
0.212745 0.860174
0.106727 0.605081
0.413033 0.685530
0.630267 0.949313
0.256759 0.527747
0.727988 0.502852
0.108062 0.510674
0.178386 0.185504
0.080861 0.785656
0.226460 0.987062
0.896307 0.674732
0.535247 0.640490
0.954550 0.496950
0.321144 0.926609
0.500850 0.409548
0.871750 0.626669
0.365203 0.567345
0.839395 0.053374
0.080299 0.281363
0.917722 0.126901
0.873063 0.095212
0.746840 0.138031
0.679887 0.974306
0.980569 0.556491
0.583427 0.176343
0.443405 0.324918
0.506322 0.513831
0.852218 0.679884
0.747780 0.484283
0.204250 0.445269
0.355078 0.697842
0.736810 0.743788
0.358581 0.390443
0.455610 0.036481
0.868149 0.098918
0.279356 0.342453
0.396239 0.031014
0.324408 0.655110
0.792513 0.557143
0.607566 0.121522
0.548648 0.532467
0.030051 0.873935
0.852429 0.165968
0.482314 0.201478
0.981666 0.604915
0.399188 0.503692
0.185204 0.977942
0.013645 0.990242
0.343076 0.725651
0.529392 0.965266
0.297160 0.229764
0.448537 0.300336
0.370214 0.972032
0.867007 0.873074
0.988207 0.667131
0.717235 0.600796
0.201703 0.089192
0.415262 0.484127
0.194128 0.760149
0.162258 0.571891
0.027063 0.115440
0.797872 0.360167
0.220672 0.883024
0.880188 0.987844
0.044919 0.322819
0.135545 0.641805
0.940800 0.149498
0.524258 0.806206
0.997788 0.426838
0.391653 0.323655
0.108123 0.155850
0.052051 0.408641
0.557868 0.334996
0.700310 0.297016
0.690080 0.443413
0.022880 0.068147
0.510864 0.147283
0.504101 0.824060
0.771190 0.067432
0.907525 0.236004
0.788520 0.675093
0.201102 0.076818
0.752225 0.432033
0.672561 0.099445
0.162284 0.868485
0.899913 0.478679
0.317251 0.706694
0.288208 0.792694
0.047531 0.031475
0.242542 0.692435
0.277995 0.332480
0.721663 0.892476
0.936518 0.542258
0.758489 0.003930
0.821083 0.821868
0.317486 0.320688
0.393419 0.764844
0.330419 0.696638
0.374305 0.178474
0.365680 0.965976
0.174170 0.544801
0.269660 0.190506
0.989729 0.728308
0.350204 0.978938
0.167391 0.304630
0.654387 0.543516
0.102687 0.257334
0.966889 0.522461
0.522302 0.739976
0.871540 0.350921
0.378655 0.213910
0.748731 0.642373
0.797307 0.115524
0.801452 0.080833
0.358191 0.272780
0.435509 0.471386
0.294326 0.914936
0.005827 0.952720
0.089980 0.656769
0.845103 0.049396
0.509690 0.194001
0.884230 0.825301
0.499073 0.113525
0.742733 0.680263
0.755560 0.429120
0.310644 0.232280
0.530896 0.368504
0.565191 0.881696
0.847403 0.727306
0.002773 0.575248
0.629244 0.708405
0.618085 0.710244
0.082905 0.003034
0.745851 0.647248
0.374839 0.217091
0.945752 0.334876
0.261953 0.703251
0.419543 0.012574
0.710512 0.699258
0.772058 0.247161
0.475274 0.592008
0.099881 0.649738
0.909736 0.285195
0.466710 0.637693
0.864826 0.828604
0.574155 0.291437
0.502978 0.458512
0.387872 0.018205
0.735935 0.605876
0.082748 0.928473
0.818613 0.415402
0.094613 0.456759
0.760262 0.713613
0.415293 0.614307
0.534829 0.923154
0.721498 0.706442
0.866910 0.052680
0.357309 0.804501
0.798825 0.607342
0.289719 0.580975
0.638577 0.262194
0.881779 0.635304
0.487799 0.038691
0.570780 0.770356
0.104092 0.022845
0.738219 0.210474
0.730917 0.133649
0.127525 0.056259
0.862689 0.619771
0.669316 0.659885
0.050951 0.749413
0.337621 0.794825
0.333027 0.044468
0.493596 0.154908
0.191517 0.766983
0.738073 0.935781
0.298806 0.809992
0.053530 0.016434
0.977905 0.585731
0.250611 0.201166
0.002277 0.748492
0.971503 0.256797
0.052210 0.607929
0.805824 0.362160
0.817494 0.715410
0.172881 0.808397
0.518608 0.087873
0.356245 0.607746
0.307606 0.028281
0.798973 0.050631
0.440723 0.010001
0.781551 0.899293
0.077683 0.267534
0.490763 0.754710
0.192485 0.539546
0.164388 0.321607
0.268941 0.545193
0.148792 0.389062
0.330997 0.543973
0.811241 0.500934
0.574398 0.588010
0.268080 0.521743
0.453747 0.415007
0.987428 0.986668
0.345212 0.739696
0.560516 0.415056
0.789681 0.273017
0.062583 0.350916
0.469845 0.646004
0.803026 0.174304
0.218483 0.595345
0.491008 0.372505
0.557806 0.233758
0.696456 0.657399
0.692493 0.006494
0.481868 0.849790
0.693559 0.848946
0.521354 0.066323
0.890510 0.170608
0.183280 0.459846
0.857712 0.517390
0.716990 0.516997
0.894180 0.877558
0.713074 0.054670
0.213001 0.552985
0.417820 0.292643
0.173654 0.842793
0.075726 0.575171
0.056772 0.945563
0.293888 0.227173
0.061016 0.050946
0.419073 0.462707
0.170840 0.693970
0.956981 0.700632
0.723616 0.308066
0.489196 0.938573
0.104591 0.513680
0.346056 0.883408
0.956475 0.020493
0.890196 0.847862
0.623214 0.456302
0.412560 0.052831
0.547012 0.471467
0.322525 0.256471
0.466692 0.950896
0.566398 0.620404
0.872407 0.592103
0.482428 0.893708
0.256996 0.774895
0.203175 0.658639
0.056770 0.546374
0.427577 0.353140
0.217453 0.382674
0.151636 0.299216
0.999597 0.713571
0.998635 0.052585
0.637600 0.835570
0.404336 0.665548
0.995075 0.812672
0.139942 0.475556
0.396992 0.129186
0.041835 0.213016
0.173209 0.756587
0.578854 0.985284
0.207963 0.231277
0.369035 0.855603
0.606582 0.293472
0.851496 0.382196
0.721988 0.781384
0.771103 0.883185
0.338272 0.908113
0.506053 0.051894
0.965772 0.574249
0.936372 0.557466
0.898810 0.090049
0.372610 0.125045
0.935409 0.970472
0.348523 0.530411
0.938180 0.166020
0.006849 0.403501
0.608357 0.609361
0.093747 0.545165
0.368015 0.739067
0.085049 0.472972
0.768516 0.383313
0.693394 0.616072
0.098637 0.813753
0.191929 0.998294
0.633067 0.087098
0.201075 0.089542
0.252638 0.137278
0.997748 0.491561
0.942669 0.342406
0.570048 0.501228
0.419944 0.582992
0.657844 0.196296
0.949860 0.710530
0.432782 0.997037
0.946401 0.516186
0.295026 0.380419
0.775972 0.016795
0.832672 0.553510
0.526758 0.660570
0.890947 0.130747
0.061216 0.259990
0.567389 0.514565
0.749209 0.706932
0.850072 0.771318
0.477709 0.148578
0.839977 0.202911
0.461870 0.043965
0.107305 0.765333
0.780542 0.760580
0.490752 0.109906
0.187894 0.756647
0.885467 0.321299
0.579171 0.900623
0.742057 0.086088
0.086662 0.290220
0.868079 0.612336
0.506839 0.622189
0.690389 0.859184
0.332449 0.433355
0.247123 0.127807
0.938153 0.683033
0.716641 0.940910
0.467134 0.164995
0.847157 0.175165
0.659562 0.063134
0.988029 0.488620
0.836977 0.858305
0.141124 0.123287
0.295526 0.060006
0.585088 0.030750
0.332200 0.222678
0.689918 0.182426
0.382133 0.958478
0.760955 0.661961
0.159157 0.634517
0.184415 0.433265
0.643847 0.280728
0.604919 0.945605
0.874768 0.932646
0.055124 0.817880
0.972036 0.748804
0.969816 0.181605
0.478972 0.408355
0.000433 0.253417
0.952716 0.850434
0.666569 0.367210
0.936403 0.606863
0.049262 0.686227
0.805237 0.466865
0.360937 0.943696
0.566013 0.763616
0.138260 0.866688
0.635327 0.459665
0.498042 0.815642
0.829378 0.585314
0.565285 0.061323
0.830163 0.076914
0.482606 0.370882
0.265297 0.865730
0.409634 0.790070
0.636218 0.188601
0.042603 0.523748
0.659532 0.540026
0.582141 0.990234
0.159102 0.469552
0.795524 0.316140
0.378102 0.668947
0.268347 0.153869
0.313548 0.796888
0.067901 0.996651
0.453326 0.991909
0.713341 0.874366
0.574806 0.778676
0.226309 0.690573
0.841100 0.394775
0.177261 0.574439
0.179595 0.087313
0.971310 0.731339
0.921851 0.172843
0.616471 0.386082
0.592790 0.296509
0.387104 0.957673
0.219341 0.361739
0.763719 0.596386
0.085270 0.573218
0.618964 0.570427
0.848488 0.369677
0.744635 0.481772
0.006072 0.808635
0.788001 0.445508
0.552337 0.187488
0.480530 0.974214
0.341533 0.111019
0.526260 0.698646
0.246199 0.383386
0.523617 0.607491
0.938267 0.992685
0.531970 0.420985
0.497911 0.944901
0.278625 0.150154
0.974591 0.510024
0.316118 0.150808
0.604895 0.201237
0.135652 0.020042
0.982950 0.893408
0.769427 0.548820
0.417579 0.969967
0.369635 0.408237
0.824273 0.155060
0.851096 0.344967
0.944712 0.274534
0.898714 0.673208
0.000147 0.918231
0.614801 0.643518
0.518310 0.114983
0.820799 0.428428
0.248897 0.785958
0.216722 0.994519
0.407288 0.678273
0.635418 0.906859
0.079353 0.613275
0.158527 0.249153
0.385594 0.477461
0.203177 0.625733
0.610193 0.703191
0.950460 0.578246
0.665757 0.694429
0.771677 0.825352
0.478004 0.470241
0.475641 0.047601
0.509533 0.943061
0.517382 0.205004
0.396938 0.066700
0.165878 0.458094
0.698415 0.529737
0.860258 0.646822
0.329475 0.585994
0.712502 0.596803
0.544566 0.682299
0.744700 0.124818
0.783542 0.283701
0.707201 0.196274
0.195665 0.982047
0.200533 0.042372
0.392779 0.533468
0.060425 0.519194
0.111271 0.238200
0.857040 0.708471
0.996347 0.888673
0.930058 0.741972
0.551896 0.478581
0.073379 0.196895
0.764460 0.544200
0.149918 0.883967
0.052871 0.739209
0.045780 0.227160
0.113515 0.112030
0.027897 0.239203
0.450146 0.362874
0.297632 0.371013
0.513460 0.640582
0.929212 0.811682
0.246262 0.761955
0.358855 0.508454
0.948724 0.308100
0.000991 0.518145
0.520746 0.738560
0.432968 0.542951
0.627365 0.028972
0.226693 0.581356
0.639583 0.753247
0.247007 0.573308
0.390895 0.464771
0.491020 0.405439
0.306337 0.133005
0.930352 0.816090
0.045301 0.636214
0.262608 0.874876
0.844754 0.384607
0.604867 0.732818
0.616296 0.577779
0.337378 0.588628
0.515900 0.780087
0.268236 0.852893
0.832482 0.490447
0.356375 0.991871
0.821145 0.499110
0.649835 0.254394
0.961877 0.515686
0.502147 0.922145
0.400658 0.224251
0.193558 0.432870
0.530743 0.746748
0.448089 0.362277
0.298346 0.680296
0.098537 0.953442
0.035536 0.696981
0.439845 0.904352
0.084238 0.742120
0.979143 0.557474
0.175014 0.432994
0.445366 0.945678
0.743165 0.925369
0.273535 0.303460
0.969978 0.749927
0.445801 0.228336
0.842082 0.916241
0.027590 0.759242
0.737095 0.836162
0.154626 0.589468
0.798335 0.767742
0.561913 0.065100
0.212876 0.275856
0.353287 0.808380
0.889907 0.170213
0.539576 0.395446
0.251442 0.453950
0.939324 0.924233
0.712365 0.825246
0.766765 0.801820
0.444401 0.547210
0.376090 0.447684
0.359440 0.425719
0.667225 0.272465
0.654458 0.736984
0.795395 0.464813
0.054721 0.667372
0.570013 0.184880
0.139610 0.795686
0.591689 0.357073
0.451924 0.179546
0.000130 0.915907
0.933824 0.669604
0.687902 0.790996
0.829744 0.881590
0.218601 0.460917
0.175524 0.831166
0.071807 0.168268
0.554133 0.427623
0.225798 0.521696
0.628721 0.968935
0.433336 0.635684
0.942261 0.923161
0.705698 0.651209
0.738198 0.579412
0.509443 0.102304
0.228259 0.526322
0.720610 0.200810
0.509519 0.744262
0.950661 0.643423
0.543669 0.404442
0.978211 0.523089
0.229741 0.745251
0.037859 0.821518
0.551774 0.122239
0.746508 0.436679
0.833348 0.224071
0.656248 0.939554
0.929599 0.490925
0.426666 0.510158
0.562964 0.445414
0.388994 0.734550
0.573665 0.399865
0.260816 0.808472
0.193266 0.320112
0.888582 0.961608
0.157689 0.519041
0.239968 0.952719
0.603536 0.146649
0.496986 0.594180
0.151798 0.049573
0.925414 0.826201
0.364139 0.454639
0.606342 0.702944
0.651299 0.147336
0.576820 0.897217
0.411956 0.704831
0.530671 0.873255
0.187205 0.992954
0.051592 0.812074
0.254433 0.547562
0.574387 0.284925
0.938127 0.956950
0.752540 0.960529
0.974513 0.077707
0.886938 0.226949
0.427127 0.694527
0.321601 0.725185
0.138238 0.539687
0.437370 0.162571
0.247992 0.949583
0.829094 0.549961
0.249800 0.344413
0.581270 0.457858
0.772969 0.602421
0.623487 0.027364
0.100815 0.764900
0.133023 0.201905
0.240151 0.974775
0.380455 0.272161
0.401303 0.265416
0.131257 0.688160
0.829259 0.204466
0.164601 0.106373
0.631465 0.967113
0.992318 0.598126
0.527227 0.859577
0.431658 0.471835
0.022730 0.589496
0.127828 0.467973
0.694799 0.355274
0.703585 0.718637
0.872535 0.951475
0.892146 0.267736
